$ANSIBLE_VAULT;1.1;AES256
65386236643861666165653230323937383733623763343230393336396662643966636361653363
3563396532343739323039303534633463613036346637610a393537313061353635333931613736
31303866383835346332346162613466303863313036393361346433386662303463396637386162
6631626631313861340a646539656639633932653130303033666637383136336565303239633530
66396564633335363866376539613964616532306336323635343165656166393339343964643064
63633532633733616131383437316663626139646463626535623433613932613238346238313862
65663165383838646239623161353738616435636161343464626636336463343161366265383432
64333736653163646538393534613139343334626234313462653432653730343231653039663265
37396435666539643835616238396538366336653665663738386530616566343361623730353866
64396336646165303638343835656364396339373235373335303566623466386239306162356265
61653266313937323332613362363531633261303766396336653934613461373864663031303861
39343234396534623535643530633532613733626263333734373632393932646339663733326231
33303737326365643239626165363731326235623137626638313133333462356533333538396232
64323234663966626630613732646336623339363931653865353863313836613665643438353130
32366233393565383636623264623231386334343238353135303434653335363264643036633336
64623630663731386361396330383734363664393231636230393463343136306635353733663332
39386237346463643963363764653731316134366236386636616230393639306661613965373362
65356135326165623231626233313137636633306634643234653835373134653866313563333635
63383265323338653632366364356464636536313637396237663937646130636430366263636666
61633863623639323735336337633230313436623466613830376461626637626431393630366534
63363362663664663563616534356266383736326632623765303631383634353435336239393262
36633665376130316438636165633034383066313766636334663537313038333461306564343036
37383630323039636438326634636139626230356464326333383264303238306330343631383533
66303431643838633438653765623163396630616133383233363065626662636566353631313132
64633730336264633231393335323136363862383663663866326561303037313438653563333165
35303130343231613034373166666130313337383334353164613937633062666530353336383837
62376262306239316662616438663362383435323038393130346461663937303566623537653731
39353064326431386161
